 1948 2016
 1948   0.00   0.00   0.00   0.00   0.00   0.00   0.00   5.50  10.00   4.50   0.75   0.00
 1949   0.00   0.00   0.00   0.00   0.00   0.00   0.00   8.00   8.75   4.25   0.00   0.00
 1950   0.00   0.00   0.00   0.00   0.00   0.00   0.00  16.00  24.25  12.75   0.00   0.00
 1951   0.00   0.00   0.00   0.00   6.50   0.00   0.00   7.00  15.50   4.25   0.00   1.00
 1952   0.00   0.00   0.00   0.00   0.00   0.00   0.00   1.75   8.75   5.00   0.00   0.00
 1953   0.00   0.00   0.00   0.00   0.00   0.00   0.00   2.75  13.75   2.50   0.00   0.00
 1954   0.00   0.00   0.00   0.00   0.00   1.00   0.00   4.00   5.75  14.75   0.00   0.50
 1955   2.00   0.00   0.00   0.00   0.00   0.00   0.00  16.50  23.50   1.00   0.00   0.00
 1956   0.00   0.00   0.00   0.00   0.00   0.00   0.50   8.50   1.50   0.00   2.50   0.00
 1957   0.00   0.00   0.00   0.00   0.00   2.25   0.00   0.00  18.75   0.00   0.00   0.00
 1958   0.00   0.00   0.00   0.00   0.00   0.00   0.00  11.00  10.75   5.00   0.00   0.00
 1959   0.00   0.00   0.00   0.00   0.00   0.50   1.75   0.00   6.00   8.00   0.00   0.00
 1960   0.00   0.00   0.00   0.00   0.00   0.00   0.50   1.75  12.75   0.00   0.00   0.00
 1961   0.00   0.00   0.00   0.00   0.00   0.00   4.00   0.00  34.00   8.50   1.00   0.00
 1962   0.00   0.00   0.00   0.00   0.00   0.00   0.00   1.50   0.00   9.25   0.00   0.00
 1963   0.00   0.00   0.00   0.00   0.00   0.00   0.00   9.75   7.00  20.50   0.00   0.00
 1964   0.00   0.00   0.00   0.00   0.00   0.00   0.00   6.50  30.50   6.00   0.00   0.00
 1965   0.00   0.00   0.00   0.00   0.00   0.00   0.00   4.25  20.00   3.00   0.00   0.00
 1966   0.00   0.00   0.00   0.00   0.00   4.00   6.00   8.50  10.00   9.25   4.00   0.00
 1967   0.00   0.00   0.00   0.00   0.00   0.00   0.00   0.00  28.25   8.00   0.00   0.00
 1968   0.00   0.00   0.00   0.00   0.00   2.25   0.00   2.75   1.75   5.00   0.00   0.00
 1969   0.00   0.00   0.00   0.00   0.00   0.00   0.00  13.00   9.00  15.75   2.50   0.00
 1970   0.00   0.00   0.00   0.00   0.50   0.00   0.00   2.25   2.00   2.00   0.00   0.00
 1971   0.00   0.00   0.00   0.00   0.00   0.00   0.00   3.25  25.50   0.00   0.00   0.00
 1972   0.00   0.00   0.00   0.00   0.00   1.50   0.00   3.50   1.25   0.00   0.00   0.00
 1973   0.00   0.00   0.00   0.00   0.00   0.00   2.50   0.75   3.75   3.00   0.00   0.00
 1974   0.00   0.00   0.00   0.00   0.00   0.00   0.00   3.75  10.50   0.00   0.00   0.00
 1975   0.00   0.00   0.00   0.00   0.00   0.00   1.25   2.75  13.75   2.75   0.00   0.00
 1976   0.00   0.00   0.00   0.00   0.00   0.00   0.00  14.50   8.75   2.25   0.00   0.00
 1977   0.00   0.00   0.00   0.00   0.00   0.00   0.00   1.25   4.50   1.00   0.00   0.00
 1978   0.00   0.00   0.00   0.00   0.00   0.00   0.00   1.50  10.75   1.25   0.00   0.00
 1979   0.00   0.00   0.00   0.00   0.00   0.00   0.75   4.75  16.00   0.25   0.00   0.00
 1980   0.00   0.00   0.00   0.00   0.00   0.00   0.00  13.00  15.50   6.00   3.75   0.00
 1981   0.00   0.00   0.00   0.00   0.00   0.00   0.00   0.50  20.75   0.25   1.00   0.00
 1982   0.00   0.00   0.00   0.00   0.00   0.50   0.00   0.00   5.25   0.00   0.00   0.00
 1983   0.00   0.00   0.00   0.00   0.00   0.00   0.00   2.25   1.25   0.00   0.00   0.00
 1984   0.00   0.00   0.00   0.00   0.00   0.00   0.00   0.00   3.75   7.00   4.75   2.75
 1985   0.00   0.00   0.00   0.00   0.00   0.00   0.50   5.25   8.00   1.75   5.75   0.00
 1986   0.00   0.00   0.00   0.00   0.00   1.00   0.00   1.00   7.25   0.00   1.25   0.00
 1987   0.00   0.00   0.00   0.00   0.00   0.00   0.00   1.75   2.75   0.50   0.00   0.00
 1988   0.00   0.00   0.00   0.00   0.00   0.00   0.00   0.00  16.25   5.00   0.00   0.00
 1989   0.00   0.00   0.00   0.00   0.00   0.00   0.00  11.25  20.00   0.50   0.00   0.00
 1990   0.00   0.00   0.00   0.00   0.00   0.00   2.25   7.50  10.00   7.00   0.00   0.00
 1991   0.00   0.00   0.00   0.00   0.00   0.00   0.00   2.25   3.75   1.75   0.50   0.00
 1992   0.00   0.00   0.00   0.00   0.00   0.00   0.00   4.50   9.50   2.00   0.00   0.00
 1993   0.00   0.00   0.00   0.00   0.00   0.00   0.00   4.50   5.00   0.00   0.00   0.00
 1994   0.00   0.00   0.00   0.00   0.00   0.00   0.00   2.00   0.00   0.00   5.25   0.00
 1995   0.00   0.00   0.00   0.00   0.00   0.75   0.00  25.75  23.25  11.25   0.50   0.00
 1996   0.00   0.00   0.00   0.00   0.00   0.00   6.50  11.25  17.50   9.25   0.50   0.00
 1997   0.00   0.00   0.00   0.00   0.00   0.00   2.25   0.00   7.25   0.00   0.00   0.00
 1998   0.00   0.00   0.00   0.00   0.00   0.00   0.00  13.00  28.00   6.00   1.00   0.50
 1999   0.00   0.00   0.00   0.00   0.00   0.00   0.00  14.25  15.75   6.25   4.75   0.00
 2000   0.00   0.00   0.00   0.00   0.00   0.00   0.00  14.00  13.50   5.25   0.00   0.00
 2001   0.00   0.00   0.00   0.00   0.00   0.00   0.00   0.00  15.50   3.25   6.75   0.00
 2002   0.00   0.00   0.00   0.00   0.00   0.00   0.00   0.00   8.00   2.75   0.00   0.00
 2003   0.00   0.00   0.00   0.00   0.00   0.00   2.00   2.25  23.00   5.50   0.00   0.00
 2004   0.00   0.00   0.00   0.00   0.00   0.00   0.00  15.25  29.75   0.50   0.00   0.00
 2005   0.00   0.00   0.00   0.00   0.00   0.00  11.25   7.00  16.75   9.75   0.00   5.00
 2006   0.00   0.00   0.00   0.00   0.00   0.00   0.00   0.25  19.50   1.50   0.00   0.00
 2007   0.00   0.00   0.00   0.00   0.00   0.00   0.00   6.75   4.50   0.00   1.00   0.00
 2008   0.00   0.00   0.00   0.00   0.00   0.00   8.75   3.00  13.50   3.00   2.25   0.00
 2009   0.00   0.00   0.00   0.00   0.00   0.00   0.00   7.00   2.75   0.00   2.25   0.00
 2010   0.00   0.00   0.00   0.00   0.00   1.00   0.50   9.50  18.50   7.50   1.50   0.00
 2011   0.00   0.00   0.00   0.00   0.00   0.00   0.00   6.25  12.25   7.50   0.00   0.00
 2012   0.00   0.00   0.00   0.00   0.00   0.75   0.00   6.00  13.75   8.00   0.00   0.00
 2013   0.00   0.00   0.00   0.00   0.00   0.00   0.00   0.00   3.25   0.00   0.00   0.00
 2014   0.00   0.00   0.00   0.00   0.00   0.00   2.25   4.25   4.50   6.75   0.00   0.00
 2015   0.00   0.00   0.00   0.00   0.00   0.00   0.00   3.50   1.00   6.50   1.00   0.00
 2016   1.25   0.00   0.00   0.00   0.00   0.00   0.00   6.00   3.50  15.50   1.50   0.00
 -99.0
 Number of days with hurricane in Atlantic
 From Phil Klotzbach
 stored Jan 2 2018
 NOAA/ESRL PSD
 https://www.esrl.noaa.gov/psd/
